331 INDEX LocQRUM·s. S. AD 2114023112041 Π.-ΔΙ) HEBRAEOS. 332·

cap. 11. AD 1113331393.

Ξ, ἶ ῗ, ῗὲἓ, 1,,9ξῖ, (1,, 1, 1, - 1, 333.* 331. 1349. 2310. 332.

6, - 9, 522¹ 330. 3, 294. 9, 33.

7,..’1,333ο 652. 2· ·· ἒ, ,1326 2, 95. 1065. 6, 21. 23.

8.-1,358· 3231. 60⁷· ⁷33· 6. 9. - 1, 411. 433. 4934. 333. 9, 93.

666· 61466· 33. 143. 339. 3, 391. 333. 333.
19. - 3, 33. 9, 329. 919.

14. - 2, 742. 8, 56. “ 4, ,, 1, 501· 2124
16· -1‚304. 2, 821· 3. - 3, 333. 9, 339. 332.
6.-1, 434, 2,99. 113.
A„ ,,,,,,, 3. - 1, 333. 9, 333.
3-2w.
34111. 1. - 2, 403. 393. 13. - (1,3 5434. 9, 99. 119. 113. 9, 400.
9. - 3, 330. ·

3. - 1,.133. 313. 1933. 1933. 9, 139. 11· -, 0. 308-
13 m-2m.

3. - 1, {ss} &872 331· 6, 497· 011). 11. 4- 1, 934 9, 13.

9. - 1, 333. 9,139. 134 ⁷· - 2, 366· 31403. 310.

9. - 1, 333. 333. 9131. 3, 933. 994. ⁹· “ 11544· 528· 2,113. 334
13,-2, 4,, 11. - 1, 319. 9, 343. 339. 1133. 13,

13. - 1, 443. 334. 9, 313. 1402. 1, 931. 1⁷¹·

539. 9² 603. 13. - 8, 298.
10. -1, 111, g, 51. 14. - 1, 528. 2, 349. 314. 344. 3339.

1, 333. 9, 331. 10,138. 111.
3111. 11. 2. - 2, 403. 13. - 9, 311.

10. - 8, 50. 16. ·- 1, 501. 519. 2,124. 348. 350.
11. -· 2, 343. 5078. 587. 7, 462. 7,106. 10,172.

12. - 1, 777. 2, 729. 9, 757. 18, 623. 17. - 7,106. 9, 339. 351.
13.-1,1147. 2, 527. 7, 556. Ossp. ΠΙ. 1· ,, 9, 611·

14. - 5, 374. 527. 9, 758. 28⁸. - 7, 229· Ι

311. 111. 1. - 1, 1111, 91111. 14.. - 9, 913.
4. - 1, 339. 313. 131. 9, 943. 331. 19. - 3, 331.

133. 13. - 1, 439. 9, 233.
3. - 1, 113. 9335932. 2, 499. 939. 1,, ,. 1, 458, 1,,11,

999. 1021. 3, 99. 41. 1, 333.
331. 333. 902. 9393. 993. 311111. 9. - 1, 493.

3. - 3, 343. 4.- 1, 499. 9, 233. 3, 23.
9. - 9, 344 19. - 3, 130. 3, 291. 9, 314
10. - 3, 293. 9, 332. 9, 319. 14 - 2, 933. 9, 311.

13. - 1, 31341. 311. 9, 341. 343. 343.
30moe3m9mn,
19 9313339333. 406.

13. - 1, 939. 9, 333. 344. 3, 343.
v. 13. - 1, 99. 3, 39. 1, 93. 9, 139.

 

