545 INDEX 500011554 S. S. PSALMI.

1611111161. - 16166111. 5. - 6, 666.
1⁰· ·· 11328· 21201· 91669· 1116616111. 11. - 1, 666. 6, 666.

1³5mvss· ⁷· - 2, 428· 66116116. 666. - 1, 616. 6, 666.

Ps.mv111. 2. — 1, 725. 2, 483. 9sq.-1,131*.
6. - 1,101. 2, 469. 19. -5, 178.

8. - 7. 415· 66. 6. 16. - 6, 666.

11. xxm. 10. -2,150. 6, 666. 14. - 6, 666. 666.
16. - 1, 616. 6, 666. 15. - 1, 616. 616. 1013. 2, 531 sq.

14. - 6, 646. 6, 666. 61661666. 16 - ἓΜὲῊῦ. 344. 6, 55. 6, 66.

4. - 1, 515. 6, 664. 23- 1, 1033. 61666.
{21 ξ’ ἐξὲξ 1661. 6. - 1, 102. 6, 454.

9. - 2, 371. 5. 6. - 2, 170. 543. 700. 5, 532.

w55m
1¹· ·· 2, 4⁰3· 6. - 1, 303. 6, 166. 446. 533. 666.
13. - 6, 46. 6, 353. 6616.

6. - 1, 666, 6, 531, 5. - 1, 666.
9. '- 5 207· 12· 1.- 19 342· 21 mm mo 218· 6,
’ 115. 301315. 1, 5. 444. 666.

— 8, 411. 17. - 2, 654.
3. - 21019. 19. - 2, 643. 5, 532. 6, 366. 7, 641.

6.-1, 661. 6, 466. 6, 6166 ps· 151. ,ι’-5 224· 7136·
6. - 6, 416. 8. ,- 22 652· '

..6,219, 10.-1,813. 2, 324.
6. - 6, 64. 11. - 6, 225. 6,166.

4· ‘⁶¹⁶31· 1³4. 6111. 1.-6, 66.
Α 656 ἶ 2111 11. 61. 12. - 16, 245.

16. - 5, 223. 7, 136.

4· “ ²’ ⁶⁸4· 23- 1, 313. 555. 6, 166. 664.
11.-,1261 16. 661. 6. - 1, 666. 6164.

10. - 2, 636.

- 11, 666. 666. ’ 16. - 1, 440. 6, 666.
6, - 1, 466. 6, 66. 646. 6, 550. 11, - 5, 664.

5. - 1, 614. 6, 666. 1161. 6,
161. 6, 16. 5512. 1²4. 6111. 11. - 6, 666.

11. - 1, 256. 2, 18. 8, 449. ps, Lx, 14, .- 6, 666,

12· - 5, 1⁹⁶· 11. 6161. 0. - 1, 440. 5, 225. 1131.
Ρ6. xm. - 6, 211.

3, -.⁴ 2, 423· 1661611 16. - 1, 335. 2, 210.

616. - 1, 641. 6, 646. 11. 616111. 4. -· 1, 455. 101. 2, 421. 666.

10.-5,52. 12.-154 , ,
64666 qm. 101 111111. 35

 

