549 INDEX LOOORUM S. S. PSALMI.

Ps. XOIlI. 5. - 2, 55. Ps. QVI.

Ps. XCIV. 1. - 6, 552.
11. - 1, 333. 755. 2, 206. 564.

. 12. - 1, 121. 2, 435.
11. - 13114. 1, 136· Pe. 5111. - 245. 343. 3, 431.

Pa. 1151. 3. - 2, 233. 431. 3, 333. 3, 423. 111-1315·
18, 14· 25 ss. — 2, 150.

21. 1101111. 3, - 2, 110. 3, 333. 42 -8 348
10. - 1, 312. 2. 323. 3, 343. · 1 ·

13. 110111. 1. - 1, 332. 2, 215. 110111· 9· -16‚106·

5·-1’151· 1³4. 511. 1. - 2, 353. 3, 343.
21. 3. 3. - 2, 215. 534. 2. - 3, 31.

14111 -2,1133. 1ἶ11584. 1035. 2, 254. 332. 333.

1·“ 2,1101. 1052. 1333. 1513. .
13. 511. 13. - 2, 555. 3. - 2, 333.

23· 61614· 1²4. 0111. 1. - 1, 343. 2, 343.

25 33. -· 1, 812. 2, 110. 323. 5, 230.
9, 635· 2. - 2, 171.

10. - 1, 464. 2, 213. 419.

43. - 2, 641.
46. - 2, 228.
41. κ 2, 655.

40. - 2, 169. 200. 226.

1. -3, 133. 1,121. ,
3. - 5, 200. 1, 123. 2131111. 1. - 1, 333. 2, 533.

3. - 1, 451. 2, 422. 3, 53. ' 4. - 2, 323.
13 14. - 3, 221. 1135. · 311. - 1, 324. 312. 5, 225.

13. - 1, 312. 2, 323. 10·-5‚220· 1. 131

²⁰· “ ²² ⁶⁶⁸· Ps. 511111. - 3, 223.
- 3, 13. 3, 343. 3. - 1, 233. 2, 41.

Ξ· ·’ {ff 343113. 3. - 1, 433. 2143133323. 3,
·—.- .31m33m

4. -2, 150. 4. 8. - 2, 77 seq.
15. -1,1149. 2, 530. 16, - 6, 69,

27 33. - 1, 511. 2145. 17, - 5, 223. 7,135.
30. ·- 81508. Ρ3. οΧ7Ι. 1. - 2, 655. 8, 406.

33. - 1, 137 3331. 7, - 2, 412·
6, ..2 684, 9. - 5, 224. 7,136.
15. - 8: 29, {313}ss 9, 624.
25. - 1, 354. 2, 169. 227. 8, 357. 141-1ῑ44οῑ ΜΒ.

114011. 3.-1,181. 4198. . 15. - 1, 311. 314. 2, 322. 323. 3,

4. - 2, 749. 140.

30. - 1, 154 2, 595. 18. - 1, 440. 2, 928. 85·

 

