141 INDEX 21111011001008 AUG.

Augustinus Augustinus
214. 6, 267. 293. 299. 313. 320. 328. 331333. - de vera religione: 6, 299. 10,196.

³⁸⁸· 7’9‘474· -116111166116 1, 858. 661. 921. 1083. 2161.

— de dono (bono) perseverantiae: 1, 864. 876. 2, 208. 659. 694. 1085. 5, 202. 6, 294. 297 eq.
386. 682. 688. 707 ss. 6, 287. 325. 328. 355. 7, 300. 305. 318. 328. 357. 8, 166. 211. 313. 331.
8 eq. 445. 452. 8, 166. 211. 265. 272. 290. 292. 14, 484.

3993193959· 33⁰· 14’ 490· ¹5⁹ 737· - sermones: de verbis apostoli: 1, 320. 661. 751.

- 666116 literas Petiliani: 1, 956. 2, 961. 9,159. 2, 192. 209. 220. 231. 427. 441. 559. 688. 696.
15, 110. 702. 908. 1037. 7, 474. 485. 8, 166. 211, 286.

- de poenitentieffiber spurius): 1, 174. 730. 2,

311. 360. 9, 158. 166. 452. 501. 503. 18, 373. ,
de baptismate 1616616111 11761077. 2,1077.

49⁰· 569· - de oolumbo 61 spiritu 7, 324. in natalibus Cy-
.. de praedestinatione Dei: 1, 891, priani «7), 242.(10 VOI‘bIS Domini 7, 475. 9, 480.
16 Dominiea 9, 452. de tempore 1, 491. 2,106.

—de praedestinatione et gratia: 1, 353. 876. 2, 7, 323. 9173. 11, 561. de trinitate et columba
226. 707. 728. 8. 166. 211. 318. 15, 131. 11,561.

-de praedestinatione¹ sanatorum 1, 321. 343. 354. - fid Simplissiffllffl Medi⁰l³¹10¹¹⁸0ffl 8. 330·
770. 2, 193. 220. 227. 386. 580. 694. 699. 712. ,56855511Μώωὸ 181
6, 320. 325. 354. 364. 379. 7, 446. 452. 8160. ’ '
211. 265 sq. 270. 274. 284. 290. 330. 333. 358. -de spiritu 61 litera 1, 320 428 2 192 232
9, 307. 14, 490. 15131. 257. 260. 5, 136. 522. 6, 303. 307. 314. 7, 474.

,66ηω6ᾘ666ω66617ᾘ9999 Α
UM2m.nmussuxnm‚-wfflmn4nmfnuua-
358. 755.’ 2.231.480.555. 5,519. 1 475 sq. 55.111 2,152.1027. 9, 155. 16,614 - 16.11;
nffl1m582mxnm2 mffitmnuuutwffi-
muaffim2801nmnmffi ffikzfflaefflAENQOE-ffioet
111. 1, 323. 2195. 8512711. affl} opp 1111.

2ζ 464. 611111. 1, 461. 2105. 1, 624. 11, “ ‘³⁶ 1999 ⁶⁰⁰¹⁰⁸¹²⁰ ⁷2 22·
ffiffiIfflXLfflssIQQQI-wfflamffiumwuuu
259. 111111. 1, 105. 955. 2951. nxxvn.

l, 956· 2, 991· LXXVIII· 1948· 2. 952· -de vitaelerieorum5,112.

1111111. 1, 798. 2, 510. 111111. 6, 642. , Ι
LXXXVIII. 1, 754. 770. 2, 562. 580. 7, 13. 457. - praeterea saepissime 16666161666161116616 loeo:
xclv. 2, 545. 161111. 6, 166. 880. 1, 48. 105. 109. 125. 142. 166. 266. 299. 312.
fflwusfflmmumffln mmmmmmmmmm
14, 481. 611 1, 461. 166. 2105. 510. 7, 824. 538. 575. 558. 555. 595. 1261114162. 1005.
11, 551. 61111. 2, 82. 84. 5, 475. 7, 27. 10, 1010101410221094.

164. 611111. 1, 461. 2, 259. 611111, 2, 61. 66. 115. 18550. 1881q. 199. 217. 221. 243.
126. 2, 461. 6111116, 357. 6111111. 255. 302. 415. 442. 466. 545. 508. 745. 792.
1, 758. 2, 578. 5, 385. 6111111116. 2, 800. 915. 661. 1085. 1085. 1611. 1050.

580. 14, 461. 6111166116. 61111. 1, 5, 8471525656591. 535.

289. 774. 2, 48. 581. CXLVII. CXLVIII. 6, 167 ss. 264. 271. 283. 289 sq· 381· 396. 483.

14. 481· 488. 525. 544. .
- quaestiones in Vet. Test: 1, 176. 380. 2, 275. 7ἓὲ51ἓ779777 351⁶ 379'483'498'569'5813

- quaestiones in Heptateuchum: 1, 176. 380. 948. ξ’ ἐξ {3} ffll 717ῗὲ '3⁷23 {32'33542‘42 sq 259 sq
mwwffiwfflfflwmmu ffmffimfflwfflffifflffl
12429· 41641148648916.5065136641. 559.
- quaestiones in evangelia: 1, 555. 2, 771. 10, 195- 202· 214-

11, 585. 625. 653. 703. 707. 770. 792 66.
-quaes710nesLXXXIILz 2152155. 121766. 18, 375. 699. 771 ss. 19, 352.

 

