(6166661666 notamus 000 textus ubi loeus aliquis fusius 6666666666.)

(52512815. ⁰²¹² ἶν’ 66. - 6, 666. 6, 436.

cap. 1. 2.-2‚101.100. 11, 401. 25. - 8, 25.

3. -6, 146. ν cap, 71. 3. - 6, 333. 766. 2, 206. 664.
11. - 6666. 6, 607.

14. -— 7, 516. 6. - 6, 265. 7, 9.
21.-5,201. 7,127. 6.-1, 900. 2,165.

211.- 1, 641. 512. 2, 1121137. 6, 12. - 9, 670.

666. 616. 7‚112÷. 347. 663. 6,
666. cap. 711. 1. - 1, 270.

27. - 2, 136. 6, 214. 6, 636. 15. - 5, 201- 5, 125.

26-11510· 26133· , cap. 7111. 21. - 1, 333. 336. 766. 6, 206. 206.
31. - 2, 706. 0, 666. 664. 6, 6. 6, 210.

. l. - 1, 479. 6160. Ι06661ἶΧ. 2. - 1, 510. 2133.
7. - 2, 169. 360. 7,112. 1 13. - 1, 951. 2, 955. 5,189.

66. - 6, 466. 061. 6, 402. 066. 6, 203. 1 0,, 'm 1, - 6, 620.

18. - 2, 926. ⁴ 3,- 7, 104.

22. - 1, 412. . 66. - 6, 260.

23. - 1, 1006. 23471000. 7, 6731
24... 6, 213 ⁸, 10661117. 16. - 1, 1024. 21062.

22. - 7, 100.
3‚-1‚951‚ 2955, · 1001). XV. 1.- 1, 819. 2, 330. 6, 211. 7,

cap. 111. 1, 604. 2, 666. 666. 6, 364.

66, - 1606. 2120. 360. 7104. ,- 531646,
10160. ' ’

19, - 5, 204, 6, 412, 1128. 4sq. — 1, 793. 2, 605. 5, 338.
66. - 6, 046. 2, 040. 6· - 7, 455.

Cap, IV, 4-1’750· 2, ΜΟ. 17. - 2, 955.
6. - 13661 2, 2446. 0661166. 0. - 1, 400. 2,121.

10. — 1, 456. 2, 402. Cap. XVII. 1. - 1, 793.1127. 2, 605.

 

