INDEX VOOUM GRAEOARUM ΡΗΜ-ΣΩΜ.

1111114 16, 100.
P· 1111614164 9, 664. 666.
Ῥῆμα 8, 566. Συμβουλία 11, 440.
11469, 1961116416. 16, 996. 16, 696. 16, 21162611440450611. 11, 490.

771. . Σύμμαχος 11, 644.
Ῥητορντως 13, 652. 2„qu 19, 919.

11146644 7, 518. 141166. 11, 466. 12, 96.
409. 649. 16, 690. 19, 646.

Σ.

Συμπαρακληθῆναι 11, 541.
Σαξονικίζειν 15, 492. Συμῃατριώτης 14, 129,
Σάρκα (κατὰ) 8, 651. 675. mma? 11, 541,

Συμφραγμών 11, 440.
§modom 12, 3. 611. 16, 266.
Σνμφρατρία 20, 197.
Σύμψηφος 16, 327.
Συνᾰδελφος 13, 649.
Συναποθνήσκειν 12, 124. 430. 14, 161.
insepalta 16, 217. 19, 395. h„2„003,1'5‚207‚
Σκληρός 18, 310. Συνεργός 11, 407. 710. 12, 431. 20, 380.
immam 18, 481· Σόνεσις 15, 591.
Σοφία 8, 663. Σῦνοδος 15, 619.
§wilto-20¹⁴ 20. 569· {mouth 20, 366.
Σοφὸς 21, 124. immota 19, 12.
Σπεῦδω 11, 541. lainam 18, 684.
Σεηλιτευτικός 9, 463. 15, 616. 29009531& 481,
1441119516. 1911611101531941. 2, 944. 1, 101. 11,

2109712699577, 369. 13, 519.
35„ 14, 151· Σχίσμα 15, 100. 17, 601.

11111644 16, 466. Σωμαιοφόλαξ 6, 141.
Συζυγία 5, 40. 11, 655.

Συλλειτοῦργος 19, 313.
Συλλογιστικοῖς 13, 652.

 

