991 INDEX LOCORIJM S. S. LUOAS-IOANNES.

cap. 11221. cap. 111111.
m-w99m. a-mm
20. - 9, 222. 2,112. 92.-1‚ 115.

21. - 1, 929. 2, 224. 5, 212. 99. - 1, 521. 1021. 2, 254. 1029. 9,
29. - 9, 90. 19. 224. 111.

44. -2 41.
0221111111· 1128-31421211· 2, ⁶5⁶· 49. - ἐξ 1⁴3⁹· 2, 421. 5, 524. 9,110.

8w9ffl 9-w92m
22. - 1, ⁷08· ⁷50· 2, 558*· 41. -- 9, 525. 522. 2, 209. 499.
14. - 1. 129. 199. 2, 422. 999. 1, 49, .. 7, 567,

22 2-22222
2-222

25211111. 12. 22. - 1, 244. 2, 221. 1, 222.
0191111 91. - 1, 222. 222. 2, 212. 10222222.

66· “ 61666· 6· 666· cap. 1. 1. - 2, 491. 2,94109. 114. 2522.
· cap. 11111. 15. - 9, 294. 2, 222. 929. 999. 524. 222. 242.

19. - 1, 11. 8, 31. 18, 620. 2. - 9, 326.

22.-1, 1141. 2, 522. 2, 222. 2. - 2, 25.

22. - 2, 911. 9, 999. 4. - 1, 929. 499. 1000. 2, 101. 199.
201. 249. 1001. 9, 222.

0222112111. 1125, - 1,1022. 5.-2.199*. 9, 318.
9-2Μ32Μ2221 9fflf2m9ffl9

20. - 2662996 2, 222. 12, 411. 22, 66·“ζ8ἕ,663186’63866666·666·666· 6

11.
25. - 6, 992. 1099. 1104. 2, 222. 19.-1929. 2, 201· 1. 601·

1091·. 1, 89. 14. - l, 485. 520. 2, 99. 353. 6, 23.
31· - γ’ 182· 1, 106. 8,16. 9, 534. 664. 917.

29222922 629233329

12, 199.
41. - 9. 604· 11. - 2. 294. 9, 499.

43· - 1, 4⁹9· 2122. 22. - 1, 422. 2242. 2. 125. 212. 1091.
929m109m. 9m

9-m92m. ffi-mm
ffl—wfflzffl. ffi-Qffi

cap, xx111‚14‚ .. 6, 22, 29. - 1. 119. 901 2, 354. 911. 988. 418.

66 666 ’6 312666 66 6666· 6 66· 92. - 1,66 65614 6626 6225 6626 64369, 666 6666

49.-2,199.199. 5, 124, 2,124. 33· - 9, 23·
221· 99 5.. - 1. 599. 2919.

0²9· 211112. 9. - 1, 499. 2, 122. 51· - 2, 126·

29. - 1, 999. 2, 949. 222442. 909. 22· - 2· 211·
22. - 2, 902. 422. 2,11. 421. 1,119. cap. 11 2 ss. - 1, 422. 2, 929. 2, 209.

 

