501 INDEX VOOUM GRAEOARUM ΜΙΑ-ΠΔΡ.

Μιαρολᾰτρης 13, 49.
Μικρόκοσμος 2, 43.

Μικροψυχία 20, 569.
Μνημοσύνη 16, 613.

Μνημόσυνον 1, 228. 862. 1066. 9, 686. 14, 388. 032⁸?OE 211381.
20’ 365⁸ Ὀλιγαρχία 14, 27.

Μολύνω 13, 20. Ὁμοθυμαδόν 11, 454. 513. 16, 327.
1966696916 18. 415· 9,.696 16, 199.

911,φὴ 16, 64. 01006065 1, 61. 493 sq. 2, 92. 660. 8, 666. 699.

01060120, 276· 11ἐῆ 126. 17, 601. 18, 750. 766. 770. 19,

Ὀδοιπορία 13, 648.
(0119119991κὴ 101), 4.

Μύραινα 5, 120. Ὁμόψηφος 14, 362. 15, 785.
9166619111 18· 433· ’9119 19, 166.

Μυστῆριον 1, 939· 2, 942· 9‘ 683· 16’ 648· Ὀξόχολος 21, 170.

010000‘606 16› 580· 0066066113, 652. 18, 116. 20, 580.

Μυστικός 13 479· 53⁶· 19μῆ 1, 914. 9, 119. 6, 180.

0100016, 225. 0106„ 11, 641.

91993999 33 581· 66666 1, 361. 9, 919. 5, 326.
wmwm260mm

Ναυάγιον 13, 343.
Ναύσταθμος 19, 509.

Π.

Νεκριόμενος 16, 314. ΠάξὶςΙὲὲ 314. 331. 2, 142. 204. 5, 22. 12, 72.

1996699614, 133· 11666199. 9, 991.

4336913301 61 623· 18⁹ 768· Παιδοβάπτισμος 13. 661.

39199318· 605. 116106026 15, 720.
Νήπιοι 10. 67. ammom& 21, 120,
1916969 14, 989. 116101910610493.
191969 5, 132· 1161 14, 660.
10910016 19, 194.
Παράδειγμα 5, 132.

Παραδιαστολῆ 5, 96. 144. 32.

 

