591 INDEX 1100011011 S. 8. IOANNES.

011171. esp. X.
63. - 7, 176. 9, 166. 232. 511. 5971. 14. -.- 1, 521. 555. 1047. 2, 771.
64-8, 274. 16.-7, 30. 8, 337.
65. - 9, 315. 17. - 2, 343. 9, 671.
67. - 9, 277. 299. 18. -2, 285371. 9, 353.
70- 1, 883. 2, 693. 719. 8, 332. 25. - 2, 679.

050011, 16.-1,630, 1042, 2, 285ο 848, 26. -- 1,1047. 2, 697. 8, 275. 324.

16,..1,264, 210, 27· -ἸῙ, giss. 2, 717. 5, 393. 6, 327.

24. - 8. 304· 28. —- 2, 583. 7, 464. 8, 321.
37. - 1,537. 1070. 2381. 3955131070. 20, ,, 2, 002, 0100345, 11, 193,

39. - 2, 1021. 9, 186. 30, .. 2, 285, 9, 534, 636,

5111111. 6. -3,525. 34. - 5. 220. 1, 33.
1, -1,196 35. - 1, 1103. 2‚1095. 7,134.563.

11, - 1, 65, 6, 463, 37. - 1, 486. 2,100.

12. - 1, 477. 2. 396. 544. 1112235. 029, 271, 10, .. 6, 63,
16. - 1, 490. 2, 104. 11. - 5, 207. 1, 129.

31. - 2, 408. 25. - 2, 343. 740. 5, 194. 7, 120.

32. - l, 346. 26. - 5, 335. 7, 221. 599.
34. - 1, 335. 2, 208. 8, 219. 41. - 1, 486.

36. - 1, 346. 5, 519. 6, 293. 402. 7, 44, .. 1, 696, 2, 466,

474. , 47, - 1, 642. 2, 861.
44-1, 504 sq. 5075152, 127 sq. 52· ,, 0, 336.

13511. 5, 525. 7, 132. 356.

3, 324. 466. 19, 673. (1,,,1111 10, .. 2, 24.
5-ωο01ᾙο 6-ῃ6

50. - 1, 264. 521. 215. 353. 26, ..5, 549,
51.-5,194. 7,120. 21 56-2, 343. 379.
56. - 1, 804. 2, 310. 315. 5189. 31.-2,126.130.
58. - 1, 521. 2, 354. 8, 556. 9, 366⁰. 32, ..2,136,

015111. 3.-2, 154. 3, 311. 35* 7607.
5. - 1, 477. 2, 355. 37 ⁸9· - {iffi 8, 2911. 05341.

39. - 1, 886. 2, 723. .
49. - 8, 290.

0,, 4,, , 41- ,1,,0451 2, 99. 110. 9, 366.

ssffssffl 9³5&
cap. x. 3. - 2, 717. 43. - 2, 540. 6, 546.
4. - 1, 555. 1047. 2591. 771. 46. -1,411.

5· - 1, 1047. 03011111. 2. - 7, 182.
· 7 ss. - 1, 417. 521. 2, 355. 15, - 9, 619.

11. - 1. 1098. 21090. 5, 284· 13. - 1, 333. 2, 693. 720. 6, 335.
12. - 5, 296. 345-

5,-1,1ο13. 7, 620.
n-mffi
31. - 1. 907. 2, 634.

 

