139

Augustinus

8, 466. 9,151. 56751155515155, 202. 18, 696.
ad Glorium 1, 614. 2, 831. 56 Hieronymum 1,
627. 2845. 5215. 7, 126. 683. 18, 696. 56
Hilarium 1, 431. 2, 259. ad Honoratum 1, 1034.
2, 1058. 56 Ianuarium prima 1, 131. 670. 848.
853957. 1019. 2, 876. 882. 918. 961. 10471068.
secunda 1,847. 2, 821876 6494. 9, 501. 10,
211. 56 Innocentium 1,431. 2, 259. 5611555-
denium 1, 358. 2, 231. 56 Μ515511151115 1, 106.
939. 1109. 1115. 2, 942. 1103. 1109. 7, 481. 10,
206. 56 Maximum 1,488. 2103. 1219. 56
Monachus Caprariao 1, 442. 2, 930. ad Optatam
7, 484. ad Pascentium 1, 491. 2106. 7,315.
11, 561. ad Paulinum 1. 340. 346. 869. 872. 876.
2, 216. 223. 695. 702. 707. 7, 485. 581. 651. 683.
8, 166. 211. 267. 285. 5681111115 1, 346. 774.
868. 2, 223. 584. 694. 6, 337. 339 sq. 399. 7,
485, 8, 166. 211. 267. 28055. 285. 56 Valentinum
prima 1,346. 2, 224. 555115651313, 2185.
ad 7155551155] 2, 770. 6, 530. 8, 466. 9,151.
300. 15,110. ad 71151551 1, 131.369. 1021. 2,
245. 6, 299. 304. 309 354. 55. 380 sq. 7, 9.

INDEX THEOLOGIOUS AUG. 140

Augustinus.
- 1155111155 15 ioannem: V. VI. 7, 712. 9, 23.

18. 704. -7Ι11, 1, 868. 2, 694. 8, 693. 9880.
18, 375. XI—XIII. 1, 266313. 216185. 7,
22. 9, 452. 15,110. XV.1.954. 2, 958. XIX.
16, 430. XXII. 11, 793. XXV-XXVII. 1,107.
949. 957. 1019. 295525 961. 10361047. 7,
712. 9, 24 55 154. 158. 164 442480. 503. 11,
753. XXIX- XXXI. 1,361. 1000. 2,.235 1006.
6, 314. XXXVH-XLI. 1, 350. 491. 869. 1000.
2, 106. 695. 1006. 7, 324 8,693. 11, 561. 801.
XLV-L. 1, 323. 533. 543. 599. 717. 736. 857.
957. 1008. 2. 195. 382. 494. 501. 753. 815. 886.
961. 10251028. 6265380. 7, 19. 29. 656. 8,
337. 9, 77. 173. 502. 510. LII. LIII. 1, 320.
461. 862. 2192680. 6315. 7, 9. 474. 14,
484. LVIII. LIX. 21036. 8, 665. 9, 27. 160.
481. 503. LXII. 9, 27. LXXIX. LXXX. 1,474.
940sq. 1067. 2,.431 943 ss 1067. 5,.454 6,
167. 7, 20. 9, 21. LXXXIV.1716. 2492.
6..486 7, 583. Χο7. sq. 1, 637. 2, 431. 856.
CIX-XII 1, 526. 2,.370111382 18, 696. OXXIV.
7, 19. tract. in epist. 9, 452.

- 555115 Faustum lib. 7Ι. 9,156. lib. XIII. 2,
1037. 9, 158. 481. 503. lib. XV. 6. 358. lib.
XIX. 1, 941. 952. 956 sq. 2, 945. 956. 961. lib.
XX. 1,1033. 2‚1058. 5549. 7, 581. 10,195sq.
lib. XXI. 8, 334. lib. XXII. 6, 301). lib. XXX.

- eontra Iulianum 14, 490. spec. lib. I. 1, 320.
318. 2192. 14, 485. lib. Il. 1, 348. 350. 415.
2, 2974414411. 5, 522. 6294. 7, 427. lib. IV.
1, 388. 756. 2, 212. 565. 6, 354. 7,476. 8,166.
211. lib. V. 1, 353. 2, 226699. 5, 523. 7, 428.

1, 669. 2, 917. lib XXXII. 1, 295. 2, 58. 51 8, 166. 211.280. 288. 302. 359. 9, 307.

praeterea non 156155151555 1,806. 2, 317. 9, 60. ἡ contra adversarios legis: ¹ 375 ¹034 2270·
- 65155115 5515 7511556, 300. 105875779- 151759·
- 65 1165 56 Ρ5115151, 1033. 1078. 2‚1.0581078. .. eontra Maximinum: 1 642 2,8.62

..95Ξ18515Θ ,,1, symbolo ¹, 533· ¹009· 2'383· ,026ο -65 15511655 eeclesiae: 1, 442 293010, 196.
- 65 15511655 Maniuhaeorum: 1, 669. 2, 917.

- eontra epistolam fundamenti 1, 294 sq. 2, 57.
- eontra Gaudentium 1¹ 733, 2, 497, -de 551515 et gratia 1, 323. 339. 428. 2, 195.
214. 256. 6, 299. 320. 347.

- 65 Genesi ad literam 1, 321. 864. 874. 886. 2,

193. 682. 705. 723. 5, 187. 8, 317. 360. — 65 opere monachorum: 1, 267. 444. 448. 1083.

871), 2118, 143· 2, 18.930.932.936. 1085. 6409.

- 65 ovibus: 9, 357.
- de gratia 1111118111 310· 341 7 187· 717· 711· - 555115 Parmenranum 1, 548. 664. 666. 912. 1034.

- 65 Genesi eontra Manichaeos l,
700. 8, 312.

1 6, 309. 8, 274.
- 65 gratiuDei eontra 0551551155156, 299. 3111· 111706·

- 65 gratia et libero arbitrio ad Valentinuml, -de pennatorum mori is. 1, 269. 311. 333, 341.
319. 356 3614317962191229. 235 259607 474. 726. 220. 182. 206. 217. 431. 485. 6304.
6,315. 320. 325. 342. 358. 368. 372. 380. 386. 7, 311sq. 320. 353 ss 77. 9. 33. 444. 683. 6166.
446. 475. 8,.359 9,308. 14 48455 211. 302358 14 486 55

- 65 haeresibus ad Quodvultdeum5, 171. 6260- eontraPelagranorumepistolas14,486sq. 16374.
ι - hypognosticon 5, eoo. 310. 551. - oo porsoooooo ioouuoo: 1, 320. 555. 2, 151.

1037. 2, 646. 759. 912 sq. 9741059. 7683 101),

 

