499 INDEX vocUM GRAEOARUM KOl—MHX.

Κοιμητήριον 5, 208. Λιθοβολεῖν 18, 518.
Κοινώνησις 18, 325. Λιθοβολία 19, 62.

1......0 1, 520. 2, 353. 494. 1021. 1031. 1, 314. 4313314331.
021. 3, 501. 9, 05. 132. 241 sq. 440. 443. 411.
430101. 1240. 10, 143. 18, 320 sq. 325. 10111111 1, 311. 1, 191· 553. 15, 415.

ῙΜἪἏ ωωω3ωπωωω
mffim mmwffiwmm3ffi

226. 350. 355. 371. 375-383. 509 sq. 533. 20,
Κολακεῦω 13, 638. 341 sq.

Κόλασις 5, 132. 1¹va 13, 41,
Κθμῆῐης 16, 100. Λυχνομοιχεία21, 153.
Κορυφαῖος 16, 603.

Koamxocimq 12, 670.

Κρατεΐσθω 5, 192.

Κρεολόγος 15, 490. Μακρόβῦος 20, 373,
Κρίσις 8, 286, Μακρόθυμος 14, 308.
Κριτεκὸς 5, 105. Μαλθακὸς 11, 492.
1033413, 589. 1111115, 153.

1041.. 8, 005. Μαντικῆ 11, 540.

Κυβερνήσεις 1, 1103. 2, 1035. 1111111111 15. 551.
Κύβος 5, 28, Ματαιώματα 1, 497. 2, 120.

Κόρης 2, 107, Μεγαλοπρεπῆς 12, 649.
M, πρόσωπα, 18, 481, Μελαγχθονίζειν 14, 359.
· Μεμψίμοιρος 19,186.

Μισίτης 17, 601.

Μετάβασιςό, 137.
Λακονικός 12, 649. Μ’ῐαμόρφωσῑς 7, 622.
Λαμβᾶνεσθαι 10, 174. Mna& 13, 58·
‘¹³¹0‘ss 1, 333, 133, ' Μειεμψόχωσις 11, 055. 13, 338.
Λωρεὸειν 1, 391, 183, Μετουσία 9, 473. 18, 288. 19,12.
Ammo} 1, 1030. 2, 1000. 1111011110. 400·
4413100011670. Mflmffl 12· 482·
Λεκτολόγῃμα 12, 431, 15, 475, Mammea& 7, 729.
Λεκτόν 13, 654. Mum) 14, 93. 166. 19, 384.

 

