617 INDEX LOOORUM S. S. ΔΙ) οοΒΠ191110911.-11) 8181918. 618·

091).71. 0911. XIII.
2. -7, 132. 7.-1, 1040.
8. - 2, 520. 8, 63. 9. - 8, 626.
14.19.-9,949.916. 9, 605. 10. - 1, 628. 2, 846. 5, 404. 7, 565.

19. - 1, 499. 111, 1199. 2, 102. 809. 19. - 1, 419. 9, 999.
9, 919. 9, 21. 2, 892. 9, 248. ³

18. - 1, 493.
AD GALATAS.

999111. 1. - 2, 240. 911. 999199. 9199.
, 9, 999. 805. 914. 19, 911. οη, ,, - 1, 1091· ,, ,8, ,8,

8. 9. - 1, 240. 949. 19, 229. 2, ,7 66,
19. - 1, 890. 9, 499. 8, 810. 2, 489. 6,,,1561 575,

11. - 1, 891⁸. 2, 445³. 5, 532. 8.-1,845.1060. 6, 2889, 813,

088. vm. 9. - 1, 42. 12, 489. 12. - 1, 569.
18. - 2, 218. 18. - 8, 284. 902. 9, 999.

11·“1’111· Oap. 11. 9. - 1, 991. 9, 820. 9, 004.
'088118 9. - 9, 999. 9. - 9, 994.

8. - 1, 191. 2809. 1. - 1, 999. 19, 999.

1. - 1, 119. 9, 999. 1, 220. 8. - 1, 808. 2, 82. 012. 19, 828.

12 88. - 8. 228 ss. 9. - 9, 999.

029· X· 4· - {36933005505625316'1044 ²2 ⁸⁵1· 11 ἶ ξ11, {2} 9, 908. 2, 99.

8. - 1, 898. 9, 914. 9, 999. 15- - 7347.
8, .. 1, 888, 1041), 8, 848, 1, 34, 16. - 1, 486. 780. 2, 591. 6, 79.
9, 608. 19. - 1, 828. 2, 374.
15. - 12, 678. 20. - 2, 506. 5193. 7, 122. 357.

⁰²1³·XL ξ’ ἓν {ss' ,1,1’,ξζ8“1· 21. - 951999. 8, 99. 19199.

14 .. 1, 865, 811, Cap. 111. 188. - 1,1934. 2, 80. 1059. 5, 532.

11·“111’ 111· 9. - 9199411199. 1, 199. 19, 919.
091). XII. 1. 2.- 1, 498. 2,120. 8101277. 11.-19473,

9, 4⁷6· 8. 2. - 2, 489. 8, 829.
2. - 1, 981. 999. 9, 129. 448. 1090. 8, ,, 1138, 2, 834,

8, , ξ’ 323] 10. .- 1. 499. 498. 242. 9999994.
99. 99919999

19. - 1, 199. 11. - 2, 949. 1, 19.
19. 20. - 8, 999. 19, 14. 19.-.1,141.149. 9, 949. 949. 949.

. 21. - 1, 828. 2, 449. 288. 2, 999. 1, 19. 9199.

cap, 1111, 3, .. 9, 489, 13. - l, 499³. 528. 830. 2, 264. 368.

,4999999 fflffffiffimzm

5.-1‚4⁷1· 2, 4³0· 7. 45⁷· 18. - 1, 999. 9, 949. 980. 999. 991.
8. -- 9, 999. 1, 194. 999.

 

