491 INDEX VOGUM GRAEOARUM ἈΝΑ-ἈΤΑ,

Ἀνάγκη 11, 595. 13131214, 167.

Ἀναδίπλωσις 5, 112. Ἀπανθρώπως 20, 185.

:trades 19, 313. Ἀπερίγραπτος 16, 578 sq. 612.

13553... 2, 1355. ’4315131 12, 325.

Ἅναισχυπία 19, 313. Ἀποθέωσις 12, 613.

Ἄνακεφαλαίωσις 1, 799. 2, 611. Ἀποκαραδοκία 12, 57.

'Arduum 5, 95. Ἀπολότρωσις 1, 169. 173. 723. 728. 2, 374. 481.

1413123σί35, 157. 14, 167. 15, 692. ,Απῖξέῃος lob, 315. 16, 261, 18, 291.
Ἀνάλγητος 20, 581·

Ἂποσυνάγωγος 19, 481.
Ἀναλογία 5, 32.

Ἀπόσχισμα 15, 100. 619.
Ἀναμίὶρῐηῖθς 6, 309· 313· Ἀποτομία 16, 708.
Ἄναπολόγῃος 15, 507.
Ἅναπιρρῇτως 6, 630.

13,,1. 13, 121. 13, 13. 23113. 143. 232.

'Amazonii 16, 137.
Ἀπροςδιόνυσα 19, 340.

umam. 1, 341. 2, 313. ’
Ἂνθλπίσῐως ll. 461· Ἀρεστὸς 5,105. 11, 438. 19530.
Ἆνεξερεῦνητος 5, 181. Ἄρειοι 12, 639.

Ἅνθρωπάρεσκος 19, 186. Ἆρκτόλυκος 10 b, 418.
:113013102102119 13, 540. Ἄῤῥαβῶν 1, 537.

Ἅνθρωπσπαθῶς 5, 181. ’Ammona 9, 463 eq. 516. 14, 306. 15, 268. 318.
’Ἄνθρωπος 2, 998. 7, 665. 488. 735. .

Ἅνόμοιος 19, 543. Ἄρχὲκακος 15, 301.

Ἅπιγραφεῖς 5, ¹127, Ἀρχιγραμματεός 11, 216. 19, 303.
’451143 11, 153. 13, 314. Ἀρκὸς 19, 69.

Ἀντίδωρον 10b, 361. 11, 542. '4⁰0913312429·

Ἀπααηχορια 11, 35, Ι ’11σῷ31315720 20, 400.
Ἀηαεψένω 15, 619, 13111115938. 20,216.
Ἀπολογία 9, 537. 15,416. 7161909111493. 12, 429·
2110019318,709. nouom, 1135. 2, 514.

’ 113113... 1, 133. 123. 2, 314. 333. 431. 13, 132. ”1109oe 11. 540·

133341, 413. 2, 322. 9, 481. 15, 433. 13, 1921041868·
111. 11.... 2, 351. 13133115.

Ἆπίχρισεος 10 b, 396. Ἀστατέω 12, 649.
Ἀνυπόκριτος 13, 539 sq. 649. 15, 49. Ἀστοργία 9, 576.

335143, 533. 19, 508. 1453145, 433. 9, 552. 13, 331.
’.151311 14, 232. 1143331343. 2, 442. 3, 332. 515. 1ο, 231.

 

