INDEX 120003333 S. 8. AD EPHESIOS. 622

01000οΜ0
00001001
10000000

0-001000
0-0010
11. - 1001. 1, 344. 010. ;1 31. 000.

1οᾙ001000

0404ωο1010.
010010

1μ10000οψ00
010010

1ηοοω0000
000οΜ001
mmmm.

4-10110.

5. - 13,83 346. 870. 534. 753. 2. 246.

6. - 1, 346. 370. 773. 2, 583. 729.
5, 340. 7,122.

8. - 1, 753. 763. 2, 561. 572. 7,13.
455. 9, 717. 758.

10. - 1, 757. 774. 2, 216. 451. 566.
5334. ξο9ᾱ577, 452. 602. 8, 287.

0-0010

0-000000010
ᾖᾋμο001

0-00

00-1010.000
011 1,100. 331 410. 410.
003. 000. 1, 01. 1011101

16. - 2, 887.
18. ·- 6, 482.
19. - 2, 729. 7,122. 222.

10.- 1104. 003. 000. 000. 1, 01.
00101010
0000001

21. - 1, 777. 2, 587. 5, 527.

mm 1.-1,041.
1-10.

0. -1, 1001. 1100. 0100, 314.
00

0-000.

Gap. ΠΙ.

00001000
ἒῇ00οη0.

0-10
0-10.
0-10

ομ00100οη0
1000

0-10010.0.10.
0-ωο10001

1μ10
3. - 1, 040. 0, 30. 10110.

-1-000000100

000οΗ1000
10

0000οΜ00.
00100

6. - 9, 327.

1ηο1010000
001000

00-00010031
010.

0-000001000
0000

040οΜ000
00000010
οω000010
0000.

0-1010100.

ομ100010000
10101000.

μμο01010

15. - 1, 533. 601. 602. 1002. 2, 382.
393. 818. 5, 545. 6, 521. 7, 37. 38.

10. - 1, 340. 1, 001 110.
110-100000
0-00

0-10

11. - 11110. 1,004.1,1100.300.410.

23- 1. 301. 330. 0001110. 1130.
000010

0-0010.
ομ1010.
ομ00001
30. - 1, 301. 1, 130. 0, 010.

 

