INDEX 000018011 Β. Β, AD 0011110011108 1.

. 0511. X.
18. - 9, 603. 2. - 1, 068¹. 2, 000. 7, 126.

111183, 8. - 1, 964. 2, 958. 7, 493. 624. 8,
11. - 1, 1101. 8,1008. 320· 11, 82·- 482 116.

²³· “ 1, 1111· 1 1111· 7111111· 4·“ 611.,1611616661

16, - 6, 439, 6. 6. - 1, 161. 666. 1, 116. 050.

16. - 1, 1166. 1. - 6, 800. 818.

80. - 8, 580. 531. 1,116. 9· - 1, 482.

61. - 5550. 1, 666. 661. 11· - 1, 804· 1. 195. 9. 61111.
61,-1,411, 2, 297, 11.-1, 161. 111. 881. 1116. 166.

11, . ,6 .
36. - ὲῑὲὲθ. 1039. 2, 868. 6, 496. 13, - 1, 79367, 99567419 0, 77399·

11 16. - 5, 840. 0, 800.
06611114·- 9, 111181 11331 16. - 116111. 1, 1611. 16111661. 1

0161111. 161. - 1. 855. 1661. 6166. 6, ,9197 9113994, 4949· 4³⁷· ⁷¹⁹· ¹²2

4 ⁵4⁸· 91999· 11. - 1, 666, 1, 1616. 8480. 1, 580.
6.-1.1051. 1, 181. 2111111 580. 808. 6161. 10, 818.

20, 332. 1ο, - 5 266.
6. -1,166. 166666. 6, 616 sq. 21, .. ,ᾗ 616. 6666 6, 666.

1718- 1'1'1710·2’3⁵⁵' 5, ³38· 16. - 1, 661. 1, 881. 1, 166. 10,
. .-· , 67. 6, 588. 231.

9· ·1·939· 10⁵⁷· 7» ⁶2⁰· 16. - 1, 666. 1, 616. 6, 661.

· · 16. - 1, 841. 8, 611. 616. 6, 611.
61. - 1, 666.
61. - 6, 611.

066. lx. 1.- 1, 764. 2, 674. 061), XI. 1. - 9, 619.
2. - 2, 752. 12, 678. 2.-1, 1063.
4. - 9, 608. 3. - 9, 638.
5. - 1, 413. 2, 922. 7, 209·. 663. 4.- 1, 1083. 8,1085. 9, 588. 801.

888. 1, - 1, 166.
6. - 8, 518. 6, 616. 6. - 16, 116.

11. - 12, 611. 11. -10, 161.

1³· - 91477· 16. - 1, 880. 1084 8, 880. 6, 661.
18. - 1, 588. 1, 161. 16166.

n-mffimzm. 8-m8880m
m-mwzfflzffi. m-mmzm0
mffimm8m0m wamummzstm0
8J1mzffi. . ssfflffi

11-1, 461, 24. - 2, 10031. 1018. 7,16. 9, 242

27· , 8, 332· 661. 166.
85. - 1, 008. 1, 616. 18, 111

,01611 - 1, 81141· 88. - 1,1018.
1. - 5, 814. 11. - 6, 611. 16166.

 

