497 INDEX vocUM GRAEOARUM EYT-KOI. -

Εόταξία 21, 131.

Εὖιραπελία 11, 493. 1

Βᾶχαρισιία 12, 723. 15, 261. 20, 573. γωδ, 5, 36·
Εὸχαριστικός 1, 1371030. 1032. 21060811. ’mmmm 21, 135·

1.

Ὲφήμερος 2. 524· 133531, 520. 2, 353. 7, 314. 8, 561. 9, 707.
Ἐχθρὸς 16, 84, 15, 839. 13133. 20, 74.

''3021oe 20, 213· Ἱεροδέσμιοι 17, 81.
Ἱλασμός 2, 387. 10160.
Ἱλαστήριον 2, 374. 389. 10, 162.
Ἰλιάς κακῶν 12, 555.

Ζεσιῶς 11, 451.
Ζῃήματα 18, 750. K·

²3⁰7 7. 665· καθάρμαω 1, 527. 2, 373. 20, 412.
7723qu 11, 242. 250. 13133.

Κακοζηλία 1, 143. 449. 670. 823. 852. 1070. 2, 881.
H. 918. 937. 1071. 11, 705.

Κακόζηλος 1, 967. 2, 334.
Κακολόγηιος 11, 467.

Κακόλυκος 20, 377.

Καρδιογνώστης 16, 245.

Καιωγὶς 19, 509.

Κατάρατος 20, 185.

Θάνατος 5, 36. Καταφατικῶς 16, 137.

Θιοδίδακτος 9, 788. Κατάχρησις 1, 454. 2, 405. 409. 6, 350.
9121011520, 259. 581. Καταχρηστικῶς 1, 997. 2, 694. 1014.
&samar 14, 245. 20, 375. Καῐηρῐεσμὲνος 8, 626.

Θεομαχία 12, 185. Καῐῆχησῡς 20, 259·

Θεὸς α’πὸ μηχανῆς 18, 301. Κατηχοῦμενοι 11, 539. 655.

&suasam 11, 594. Κατόρθωμα 14, 93.

Θέσις 16, 449. Καχέκτης 5, 36.

em. 10, 237. 18, 741. 13, 110. 12221ιωῖ63δό.

Θεώρημα 5, 304. Κενοδοξία 11, 429. 13, 355.
Θρασόδουλος 6, 623. [semmua 12, 689.

Θριαμβεόω 20, 365. Κεραυνοβόλος 12, 430.

Θυσία 1,1030. 2,1060. Romanam 5, 208.
θαῑυίπὲορσα. 7⁷07 xx11.

Ἡγεμονικὸν 2, 142. 6, 285.
Ἠθοποιΐα 5, 18.

 

