493 INDEX VOOUM GRAECARUM 'Ara-411.

Ἀταξία Βερνάζειν 15, 811.
215. 223. 260. 11, 704. 13, 81. 14, 235. Βλακικοί 16, 648.
20² η’ Βλασφῃμία 17, 21.

Ἄτοπον 1, 122. 1007. 9, 73. 11, 595. 651. Βουκερίζω 1,, 255.

’199213 ⁷²²· 3011qu 1, 314. 2, 142.
1181155 9, 588. 11, 784. 12, 427. 334. 13, 272.

307, Βουλοφόρος 18, 310.

4633233363 1, 942. 2, 945. ’ 3991141019 15, 258· 16, 659· 682·
18515'83821119. 33132 1, 973. 2, 881.
Αὖταρκῆς 18, 140.

Αόταφθορᾶ 15, 339.

Ἀὖτεξοόσιον 1, 317. 2, 189.

43333... 12, 824 sq. 13, 359. 13, 313. 844 ¹1⁹⁶*ss 5, 304·
¹⁹> 29⁷· ⁷¹4· 7585 8, 885.

- 433333 3, 333 sq. 31414. 333. 21, 134. 3334313313, 431.
Αὐτοκασίννηιος 13, 649. 33.... 11, 333. 13, 333 sq. 343. 13, 52.

11101058111238. 333. 12, 333. 870. 18, 58 sq. 555, ,mv 13, 539.
18, 748. 18, 275. 317. 20, 288. M„ ὅ, 98,

4⁶10m413, 257.
Av'to'motog 2, ,30⁸ 6, 272· 9, 79.514.537. r0152178815,553.
Γραμματαφέρος 13, 161.

4518 2, 890. 10,183. s„„„„,0,1000 17, 343.
Αυῐοσχεδίως 12, 109. 14, 90. sm» 20, 405·

1037an 1, 308. 496. 2, 78. 113. 7, 323 sq. 8,
¹ 388. 374. 383. 11, 852. 12, 18. 1878 12, 358.

Αὖτοφώρῳ (ἐπ’) 9, 482. Γ υναικοκρατία 15, 125. 20, 292.

Αὕιόχθων 12, 649. 20, 119.

Ἄφυριστικῶς 13, 652.

’Δφωνία 11, 722.

Ἀχάριστος 19, 186. 207. Δεικτικῶς 10, 172.

’Ἄχριστος 11, 490. 41331ίαὶ18, 406.
Δειπνοσοφιστα) 15, 188.

Δεισιδαιμονία 15, 720.

Δημαγωγός 11, 430. 470. 21, 137.
Βαρβαρίζειν 18, 481. Διαδέω 5, 20.
Βασιλεῦς 11, 236. Διακονία 1, 567. 1095. 2, 783.
333313.. 13, 13. 181. 1131131114, 33.
Βαεεολογία 15, 123. Amata 9, 206.

Δ.

 

