033 INDEX 1000130113. S. AD HEBRAEOS.

0312. V. 1. - 2, 343. 6, 25. Gap. IX. ’
4. - 1, 1029. 1031. 2, 975. 1057. 2436. — 9, 776. 11, 336.

1061. 1496· 646· 666· 10214. 25. - 1,1025.1025. 310631066316.
5. - ᾗ, ἑ6ξ4 2, 966· 1061· 5, 111· 33. - 1, 636. 3, 384. 340. 6, 36.

6.-1,1086. 31086. 316. 0, 330. 681). x. 1. - 1, 521. 3, 254. 332. 860. 3,
3. - 3333. 3, 330. 3301 · 649·

8, - 8, 515, 2. - 1, 841. 2, 624. 869.

10. - 1, 1034. 2,1052. 5· - 2· 3⁷1·

33, - 3, 33, 10. - 1, 1025. 1125. 2, 503. 1053.

14, - 8, 888, 12. - 2, 730. 7,16.

14. - 1, 316. 1036. 3, 403.1063. 3,
cap. 31 1, - 8, 636. 636. 638. 0, 313. 363.

4. - 1, 6338. 3, 463. 6, 630. ’ 16,-11036. 31063. 3114.
6. - 3, 451. 9, 483. . 30. - 3, 646.

3. - 8, 333. 31. - 1, 1034. 3, 1063.

10. - 1, 303. 3, 600.1 3, 550. 33. - 0, 611.

15. - 3, 386 sq. 3, 100. 36. - 13, 683.

⁰³3 ,1,,,,,, „11 ,8, 36. - 1, 6386. 3, 463. 6, 531. 3, 15.
' ’34 ,(’,86 ’,1086 33.-6, 301. 313. 3, 133.
3. - 31063. ’ ’ ²⁸· ·· δ’ ⁵32·

910, , 5, 339, 29. - 2, 451. 587. 9, 248. 483. 17,

11. - 1, 831. 3, 333. 3, 633. 3,, , {⁷223

1203. - 1, 503. 3, 460. 6, 303. 3, 83.

633. 16, 333. cap. 11. 1. - 1, 638 434. 3431. 330. 6, 334.
13. - 1, 1034. 3, 1052. 15, 333. 3. - 1, 833. 3, 616.
18. - 1, 831. 3, 333. 3, 03. 3.- 1, 336. 301. 611. 3, 43. 61. 144
31. 33. - 1, 1034. 31063. 316. 5. - 1, 340. 363. 3, 545. 555. 666.Ι

38, - 3, 333, 3, 333, 3, 33, 3, 436. 8, 830. 0, 360.
3. - 1, 330. 483. 3, 33. 433.

08381Ἦὶ 5· -2, 253. 9222· 0. - 1, 810. 2, 322.

6. - 1, 911· 11. - 10, 134.

16· -1,444· 11, 616· 13333. - 6, 318. 3, 133.
0,, Ιχ, 1. - 2, 057. 10,-6193.

0. - 1, 831. 3, 333. 24. - 8, 401.

11. - 1, 634. 1034. 3, 383. 0681063. 36. - 6, 316.
5, 340. 0, 336. ,3, , ,3, ,3,

12. - 1, 1025 2, 388. 1003. 7, 575. 35,37,-7,139, 8, 403,

33, ..ξζὸ333 40.- 3, 133. 333. 336.

14. - 1, 336. 863. 3, 334. 683. 063. 0, 0801111 1· - 2613·
340363. 3.-3,446.

15. - 1, 435. 011. 3, 366. 10, 163. 4. - 6, 603.
16. - 1, 1036. 31066. 6. - 1, 334 3, 483.
33. - 3, 388. 10, 163. 8. - 1, 1138. 3, 610.

 

